150809
081509
090815
105089
908105
015809
581090
190580
890501
015908
508901
051980
801059
810590
508109
509018
051890
091508
810905
501890
051809
810598
901508
105890
815090
018509
950810
015908
189050
580109
801509
098105
801509
809015
051908
908015
518090
819050
015980
580109
801950
905810
518090
051890
801590
051809
015980
905810
089015
508901
901508
801950
950810
018905
801950
901058
051809
501809
805109
908015
901058
905810
518090
180509
098105
150809
508109
501890
015809
089105
801059
018950
815090
980105
081509
018509
180509
509018
801059
509018
018950
908105
815090
518090
081509
018950
098150
805109
815090
018950
501890
905810
508109
905810
018509
581090
090518
508901
815090
890105
018509
508901
815090
081509
015980
501980
518090
098150
901580
805109
890501
901508
015890
518090
905810
581090
890501
801509
901580
509018
180509
950810
801590
890105
518090
098150
180509
801059
508901
180509
501809
508109
081509
901580
815090
098105
801590
501980
801950
098105
950810
018905
809015
901580
018950
518090
105980
518090
801950
950810
105980
890105
518090
501809
018950
805109
180509
081509
015980
908105
501809
018950
890105
518090
105980
801950
581090
018509
081509
015980
801059
518090
098105
018509
890501
950810
518090
801509
890105
105980
581090
801950
018509
890105
518090
098105
801059
018509
890501
018950
950810
518090
801950
890105
518090
801905
905810
910508
900518
810905
901508
810905
900815
901580
901580
905018
900518
801950
908015
910058
905018
901805
905018
801950
910805
805901
910508
905810
805901
910805
900815
905018
815090
805901
900815
905810
815090
805901
815090
805901
900815
810905
900815
905018
815090
805901
901850
815090
805901
900815
901580
900815
901805
901850
905018
910508
901580
901580
815090
901850
905018
905018
815090
910058
905810
910058
910805
900518
900815
910805
901805
905810
910058
901850
901850
901805
901850
905810
805901
900518
910508
910058
810905
901580
901580
905018
910805
901850
900518
910508
901850
901580
905018
805901
900518
910805
901805
900518
905018
910508
901805
900815
910058
910805
900815
